RFP0000000001124,0,0,0,1,0,2,2,1,0,0,0,0,0,0,0,0,0,1,0,0,1,0,0,0,0,0,0,0,0,3,0,0,0,10,31,1,0,0,0,0,0,0,0,1,0,1,0,0,0,0,0,0,0,US,Canada,Dev & Maint,8/24/2015,12/17/2015,1
PRO000000000508,1,0,0,0,1,3,0,0,1,0,0,0,0,0,1,0,0,0,1,0,0,0,0,0,1,0,1,0,0,0,0.09,0,41,0,6,1,0,0,0,0,0,0,0,0,0,0,0,0,0,0,0,1,0,US,United States of America,Development,5/12/2015,6/5/2015,0
RFP0000000001578,0,1,0,1,0,0,1,1,1,1,1,1,1,0,1,0,0,0,1,0,0,0,0,0,0,0,0,0,0,0,12,4.5,42,40,36,0,0,0,1,0,0,1,0,1,1,1,1,0,0,0,0,0,0,US,United States of America,Development,1/20/2016,10/10/2016,0
PRO0000000002012,1,0,1,0,1,0,0,0,1,0,0,0,0,0,1,0,0,0,0,0,0,0,0,0,0,0,0,0,0,0,0.155,0.155,1,50,5,1,0,1,0,0,0,0,0,0,0,0,0,0,0,1,0,0,0,CE,Nordics,MDM,5/20/2016,7/12/2016,1
PRO000000000348,1,0,1,0,0,2,0,1,0,0,0,0,0,0,0,0,0,0,1,0,1,0,0,0,0,0,0,0,0,0,1.1,0,0,20,19,0,0,0,0,0,0,0,0,0,1,0,0,0,0,0,0,1,0,US,United States of America,Dev & Maint,3/20/2015,4/28/2015,1
PRO00000000019,1,0,1,0,1,0,0,1,0,0,1,0,0,0,0,1,0,0,1,0,0,0,1,0,0,0,0,0,0,0,0.6,0,0,10,10,0,0,1,0,0,0,1,0,1,0,0,0,0,0,0,0,0,1,US,United States of America,Development,4/10/2015,6/15/2015,1
RFI000000000242,1,0,0,2,0,3,0,1,0,1,1,0,0,0,1,0,0,0,0,1,0,0,0,0,0,0,0,0,0,2,0,0,0,10,10,0,0,0,0,0,0,1,0,0,0,1,0,0,0,0,0,0,0,US,United States of America,SMAC,3/24/2015,7/14/2015,1
PRO000000000683,1,0,1,0,1,3,0,1,0,0,0,0,0,0,0,0,0,0,1,0,0,0,0,0,0,0,0,0,0,0,0.223,0,47,25,13,0,0,1,0,0,0,0,0,0,0,0,0,0,1,0,0,0,0,US,United States of America,Dev & Maint,6/10/2015,7/8/2015,0
RFP0000000001625,1,1,1,1,0,2,1,1,0,1,1,1,0,0,0,0,0,1,1,1,1,1,0,0,0,0,0,0,0,2,5.2,5.2,32,10,25,0,0,0,1,0,0,1,1,0,1,1,0,0,0,0,0,0,0,CE,Nordics,Dev & Maint,1/25/2016,5/12/2016,0
RFP0000000001014,0,0,0,1,0,1,1,0,1,0,0,0,0,1,0,0,0,0,0,0,0,0,0,0,0,0,0,0,0,0,0.3,0,0,20,19,0,0,0,0,0,0,1,0,0,1,0,1,0,0,0,0,0,0,CE,Rest of Europe,Analytics,7/22/2015,10/13/2015,1
RFP0000000001465,1,0,0,1,0,2,1,1,0,0,0,0,0,0,0,0,0,0,0,1,0,0,0,0,0,0,0,0,0,3,0,0,0,25,25,0,0,0,0,0,0,0,0,0,0,0,0,0,0,0,0,1,0,US,United States of America,Maintenance,11/23/2015,2/15/2016,1
RFQ0000000001749,0,0,1,3,1,3,1,0,1,0,0,0,0,0,1,0,0,0,0,0,0,0,0,0,0,0,0,0,0,0,0.2,0.2,42,75,16,0,0,0,0,1,0,0,0,0,0,0,1,1,0,1,0,0,0,US,United States of America,DQ,2/29/2016,4/15/2016,0
RFQ0000000002028,0,0,0,3,0,2,0,1,0,0,0,0,0,0,0,0,0,0,1,1,0,0,0,1,0,0,0,0,0,3,0.4,0.3,1,20,19,0,0,0,0,0,1,1,0,0,0,0,0,0,0,0,0,1,0,UK,United Kingdom,Dev & Maint,5/20/2016,8/12/2016,1
RFP0000000002403,1,0,0,1,1,3,0,1,0,0,0,0,0,0,1,1,0,0,1,0,0,0,0,0,0,0,0,0,0,0,7.1,2.18,37.6,40,25,1,0,0,0,0,0,1,0,0,0,0,0,0,0,0,0,1,0,UK,United Kingdom,Development,8/1/2016,10/12/2016,0
PRO000000000238,1,0,1,0,1,0,0,1,0,0,0,0,0,0,0,0,0,0,1,0,1,0,0,0,0,0,1,0,0,0,0.15,0,0,10,13,0,0,0,0,0,1,1,0,0,0,0,0,0,0,0,0,0,1,US,United States of America,Development,4/3/2015,7/1/2015,1
RFI0000000001552,1,0,0,2,1,2,0,1,0,0,0,0,0,0,0,0,0,0,1,0,0,0,0,0,0,0,0,0,0,2,0.08,0.08,35,25,28,1,1,0,0,0,0,1,0,0,0,1,0,0,0,0,0,0,0,US,United States of America,Assessment,12/28/2015,5/20/2016,0
PRO0000000002194,1,0,0,0,0,3,0,1,0,0,0,0,0,0,0,0,0,0,0,1,0,0,0,0,0,0,0,0,0,0,0.2,0.17,40,20,19,1,1,1,0,0,0,1,0,0,0,0,0,0,0,0,0,1,0,US,United States of America,Dev & Maint,6/8/2016,7/21/2016,0
RFP0000000001850,0,0,0,1,0,2,0,1,0,0,0,0,0,0,1,0,0,0,0,1,0,0,0,0,0,0,0,0,0,0,0,4.5,1,25,26,0,0,0,0,0,0,1,0,0,0,0,1,0,0,0,0,0,0,US,United States of America,Dev & Maint,3/2/2016,4/18/2016,1
PRO000000000125,0,0,1,0,1,3,0,1,0,0,0,0,0,0,0,0,0,0,1,0,0,0,0,0,0,0,1,0,0,1,0.25,0,49,10,2,0,0,0,0,0,0,0,0,0,0,0,1,0,0,0,0,0,0,UK,United Kingdom,Staff Aug,2/4/2015,3/18/2015,0
RFP0000000001969,0,0,0,1,0,0,0,1,0,0,0,0,0,0,0,0,0,1,1,0,1,0,0,1,0,0,0,1,0,3,0.2,0.065,40,50,14,1,0,0,0,0,0,1,0,0,0,0,0,0,0,0,0,1,0,CE,Rest of Europe,Dev & Maint,5/2/2016,8/17/2016,0
RFP000000000423,0,0,1,1,0,0,0,0,1,0,1,1,1,1,0,0,0,0,1,0,0,0,0,0,0,0,0,0,0,0,0.1,0,0,10,19,1,1,0,0,0,0,0,0,0,0,0,0,0,0,0,0,1,0,CE,Germany,Analytics,1/7/2015,5/7/2015,1
RFP0000000001690,0,0,1,1,1,0,0,0,1,0,0,0,0,0,0,0,1,0,0,0,0,0,0,0,0,0,0,0,0,0,0.45,0.45,49,25,8,1,0,0,0,0,0,0,0,0,0,0,0,0,0,0,0,1,0,US,United States of America,Development,2/18/2016,5/2/2016,0
RFP000000000262,1,0,0,1,1,1,1,1,0,0,0,0,0,0,0,0,0,0,1,0,0,0,0,0,0,0,0,0,0,0,1.4,0,0,50,12,1,0,0,0,1,0,1,0,0,0,1,0,1,0,0,0,0,0,US,United States of America,Dev & Maint,2/20/2015,7/30/2015,1
RFP0000000001197,0,0,1,1,1,3,2,0,0,1,1,1,1,0,0,0,0,0,1,0,0,1,0,0,0,0,0,0,0,0,0.048,0,47,50,28,0,0,0,0,0,1,1,0,0,0,0,0,0,0,0,0,1,0,CE,Switzerland,Big Data,9/16/2015,10/20/2015,0
RFP000000000310,0,0,1,1,1,2,0,1,0,0,0,0,0,0,0,0,0,0,1,0,1,0,0,0,0,0,0,0,0,0,0.15,0,0,20,7,0,0,0,0,0,0,0,0,0,0,0,0,0,0,0,0,1,0,US,United States of America,Staff Aug,1/26/2015,4/1/2015,1
RFP000000000267,0,0,1,1,1,0,0,1,0,0,0,0,0,0,0,0,0,1,0,1,0,0,0,0,0,0,0,0,0,1,0.35,0,0,10,7,0,0,0,0,0,1,0,0,0,0,0,0,0,0,0,0,1,0,US,United States of America,Maintenance,1/27/2015,3/30/2015,1
RFP000000000763,0,0,0,1,1,2,0,1,0,0,1,0,0,0,0,0,0,0,1,0,0,0,0,0,0,0,0,0,0,0,0.6,0,46,40,6,0,0,0,0,0,1,1,0,1,0,0,0,0,0,0,0,0,1,CE,Germany,Development,6/30/2015,9/16/2015,0
RFP000000000313,1,0,1,1,1,2,0,0,1,0,0,0,0,0,1,0,0,0,0,0,0,0,0,0,0,0,0,0,0,0,0.59,0,42,0,8,0,0,1,0,0,0,0,0,0,0,0,0,0,0,0,0,1,0,US,United States of America,MDM,3/12/2015,4/20/2015,0
PRO000000000511,1,0,1,0,0,1,0,1,0,0,0,0,0,0,0,1,0,0,1,0,1,0,0,0,0,0,0,0,0,0,0.026,0,40,10,4,1,0,0,0,0,0,1,0,0,0,0,0,0,0,0,0,1,0,UK,United Kingdom,Development,5/11/2015,6/11/2015,0
RFP0000000002020,0,0,1,1,1,0,1,1,0,1,1,0,1,0,0,0,0,0,1,1,1,0,0,0,1,0,1,1,0,0,0.349,0.349,1,50,22,0,0,0,0,0,0,0,0,1,1,0,1,1,0,0,0,0,0,US,United States of America,Analytics,5/19/2016,7/22/2016,1
RFP000000000315,1,0,1,1,1,2,0,1,0,0,0,0,0,0,0,0,0,0,0,1,0,0,0,1,0,0,0,0,0,0,0.08,0,0,20,3,1,0,0,0,1,0,0,0,0,0,0,0,0,0,0,0,1,0,US,United States of America,Development,1/12/2015,4/1/2015,1
PRO0000000001693,0,0,1,0,0,2,0,1,0,0,0,0,0,0,0,0,0,0,1,1,0,0,0,1,0,0,0,0,0,0,0.38,0.38,40,50,3,1,0,0,0,1,0,1,0,0,0,0,0,0,0,0,0,1,0,US,United States of America,Development,2/19/2016,5/27/2016,0
PRO00000000022,1,0,0,0,1,1,0,0,1,0,0,0,0,0,1,0,0,0,1,0,0,0,0,0,0,0,1,0,0,0,0.25,0,41,0,17,0,0,0,0,1,0,0,0,0,0,0,0,0,0,0,0,1,0,US,United States of America,Development,4/4/2015,11/2/2015,0
RFP0000000002023,0,0,1,1,0,2,0,0,0,1,1,1,0,0,0,0,0,0,1,0,0,0,0,1,0,0,0,0,0,0,0.29,0.24,40,50,6,0,0,0,0,0,0,1,0,0,0,1,0,0,0,0,0,0,0,US,United States of America,Development,5/20/2016,9/1/2016,0
PRO0000000001858,1,0,1,0,0,1,0,0,0,1,1,1,0,0,0,0,0,0,1,0,0,1,0,0,0,0,0,0,0,0,0.085,0.085,40,20,21,1,1,0,1,0,0,1,0,0,0,0,0,0,0,0,0,1,0,US,United States of America,Big Data,3/31/2016,4/22/2016,0
RFP000000000203,1,0,1,1,1,0,1,1,0,0,0,0,0,0,0,1,0,0,1,0,1,0,0,0,0,0,0,1,0,0,1.1,0,46,25,15,1,0,1,0,0,0,0,0,1,1,0,0,0,0,0,1,0,0,US,United States of America,Development,3/11/2015,4/29/2015,0
RFP000000000654,0,0,0,1,0,3,1,1,1,0,0,0,0,0,1,0,0,0,1,0,0,0,1,0,0,0,0,0,0,0,0.36,0,45,20,29,1,0,0,0,0,0,0,0,0,0,0,0,1,0,1,0,0,0,UK,United Kingdom,MDM,5/26/2015,9/16/2015,0
PRO000000000357,1,0,1,0,0,1,0,1,0,0,0,0,0,0,0,0,0,0,1,1,0,0,0,0,0,0,0,0,0,0,0.4,0,45,10,11,1,1,1,0,0,0,1,0,0,0,0,0,0,0,0,0,0,1,CE,Nordics,Maintenance,1/9/2015,2/19/2015,0
RFP000000000655,1,0,1,1,0,2,0,1,0,0,0,0,0,0,0,0,0,0,0,1,1,0,0,0,0,0,0,0,0,0,0.1,0,40,10,10,0,1,1,0,1,0,1,0,0,0,0,0,0,0,0,0,1,0,CE,Germany,Development,5/29/2015,7/3/2015,0
RFP000000000701,0,0,0,1,0,3,1,1,0,0,1,0,0,1,1,1,0,1,1,1,0,0,0,0,0,0,0,0,0,0,4.2,0,45,10,16,1,0,0,0,1,0,1,0,0,0,0,0,0,0,1,1,0,0,UK,United Kingdom,Dev & Maint,6/10/2015,7/21/2015,0
RFP000000000990,1,0,1,1,0,1,0,0,1,0,1,0,0,0,0,0,0,0,1,1,0,0,0,1,0,0,0,0,0,0,0.22,0,40,50,8,0,1,0,1,0,0,0,0,0,0,0,0,0,0,0,0,1,0,APAC,ASEAN,Development,7/23/2015,12/7/2015,0
RFP000000000702,1,0,0,1,1,1,0,1,0,0,1,0,0,0,0,1,0,0,1,1,0,0,0,1,0,0,1,0,0,0,0.145,0,37,50,8,0,1,0,0,0,0,1,0,1,0,0,0,0,0,0,0,1,0,US,United States of America,Development,6/15/2015,7/9/2015,0
RFP000000000992,0,0,0,1,0,2,1,1,0,0,0,0,0,0,0,0,0,0,0,1,0,0,0,0,0,0,0,0,0,3,2.13,0,40,25,35,1,0,0,0,0,0,1,0,0,0,0,1,0,0,0,1,0,0,UK,Ireland,Dev & Maint,7/20/2015,12/23/2015,0
PRO000000000244,1,0,1,0,1,0,0,1,0,0,0,0,0,0,0,0,0,0,1,1,0,0,0,0,0,1,0,0,0,0,0.314,0,35,50,20,1,1,1,0,0,0,0,0,0,0,0,0,0,0,0,0,1,0,US,United States of America,Development,2/4/2015,2/28/2015,0
RFQ0000000002488,1,0,0,3,1,3,0,0,0,1,1,1,0,0,0,0,0,0,1,0,1,1,0,0,0,0,0,1,0,3,0,0.023,1,15,18,0,0,0,0,0,0,0,0,0,0,1,0,0,0,0,0,0,0,US,United States of America,Big Data,8/15/2016,9/30/2016,1
RFI0000000001224,0,0,0,2,1,1,0,1,0,0,0,0,0,0,0,1,0,0,1,0,0,0,0,0,1,0,0,0,0,5,0,0,0,0,10,1,0,0,0,0,0,1,0,0,0,0,0,0,0,0,0,1,0,UK,United Kingdom,Dev & Maint,9/22/2015,11/6/2015,1
PRO000000000580,1,0,1,0,1,2,2,0,0,1,1,1,0,0,0,0,0,0,1,1,0,1,0,0,0,0,0,0,0,2,2,0,37,10,10,0,0,0,0,0,1,1,0,0,0,0,0,0,0,0,0,1,0,US,United States of America,Big Data,5/18/2015,11/27/2015,0
RFP00000000074,0,0,1,1,0,0,0,0,0,1,1,1,0,1,0,0,0,0,1,0,0,0,0,0,0,0,0,0,0,1,0.294,0,43,25,2,0,0,0,0,1,0,0,0,0,1,0,0,1,0,0,0,0,0,US,United States of America,Analytics,4/15/2015,4/30/2015,0
RFP000000000997,1,0,1,1,0,2,1,0,1,1,1,1,0,0,0,0,1,1,1,1,1,1,1,0,1,0,1,1,0,0,10,0,30,10,31,1,0,0,0,0,0,0,0,1,1,0,1,0,0,0,1,0,0,CE,Germany,Maintenance,7/24/2015,4/8/2016,0
PRO000000000908,1,0,1,0,0,3,0,0,1,0,0,0,0,0,1,0,0,0,0,0,0,0,0,0,0,0,0,0,0,0,0.4,0,48,50,24,0,0,1,0,0,0,0,0,0,0,0,0,0,0,0,0,0,1,UK,United Kingdom,DQ,6/15/2015,8/14/2015,0
RFP000000000431,1,0,1,1,1,0,0,0,1,0,0,0,0,0,1,0,0,0,0,0,0,0,0,0,0,0,0,0,0,0,0.32,0,48,0,2,0,0,0,0,1,0,0,0,0,0,0,0,0,0,0,0,0,1,US,United States of America,Maintenance,1/27/2015,3/20/2015,0
RFP0000000002257,0,1,0,1,0,0,1,0,0,1,1,1,0,0,0,1,0,0,1,0,0,1,0,0,0,0,0,0,0,0,11.5,5.34,1,15,28,0,0,0,0,0,0,1,0,1,0,0,0,0,0,0,0,1,0,US,United States of America,Big Data,6/23/2016,9/26/2016,1
RFP000000000433,1,0,1,1,0,0,0,0,1,0,0,0,0,0,1,0,0,0,0,0,0,0,0,0,0,0,0,0,0,0,0.5,0,43,75,2,1,0,1,0,0,0,0,0,0,0,0,0,0,0,0,0,1,0,US,United States of America,MDM,1/29/2015,4/24/2015,0
PRO00000000096,0,0,1,0,0,0,0,0,1,0,0,0,0,0,1,0,0,0,1,0,0,0,0,0,0,0,0,0,1,1,0.15,0,45,0,20,0,0,0,0,0,1,0,0,0,0,0,0,0,0,0,0,1,0,APAC,India,MDM,4/22/2015,5/4/2015,0
RFP000000000437,0,0,0,1,0,2,0,1,0,0,0,0,0,0,0,0,0,0,0,0,0,0,0,0,0,0,0,0,0,0,0.66,0,50,10,38,1,0,0,0,0,0,0,0,0,0,0,0,0,0,0,0,1,0,US,United States of America,Analytics,4/23/2015,6/23/2015,0
RFP0000000002306,0,0,0,1,1,3,2,1,0,0,0,0,0,0,0,0,0,0,0,0,0,0,0,0,0,0,0,0,0,0,0.38,0.2,1,60,14,0,0,0,1,1,0,1,0,1,1,0,0,0,0,0,0,1,0,US,United States of America,Development,7/13/2016,10/5/2016,1
RFP000000000438,0,0,0,1,0,2,0,0,1,0,0,0,0,0,1,0,0,0,0,0,0,0,0,0,0,0,0,0,0,0,0.53,0,40,0,14,1,0,0,0,0,0,0,0,0,0,0,0,0,0,0,0,1,0,CE,Rest of Europe,Development,3/27/2015,6/1/2015,0
RFP0000000001092,1,0,1,1,0,2,1,0,1,0,0,0,0,0,0,0,1,0,0,0,0,0,0,0,0,0,0,0,0,0,0.35,0,36,25,20,0,0,1,1,0,0,0,1,0,0,0,0,0,0,0,0,1,0,ME,UAE,Planning,8/11/2015,9/21/2015,0
RFP00000000012,0,0,0,1,0,3,1,0,1,0,1,0,0,0,1,1,0,1,0,1,1,0,0,0,0,0,1,0,0,0,3.6,0,40,50,24,1,0,0,0,0,0,1,0,1,1,0,1,0,0,0,0,0,0,UK,United Kingdom,Development,4/7/2015,7/3/2015,0
RFP0000000001913,1,0,1,1,0,2,1,1,0,0,0,0,0,0,1,0,0,0,0,0,0,0,0,0,1,0,0,0,0,3,0,0,1,50,5,0,1,0,0,0,0,1,0,1,1,0,1,0,0,0,0,0,0,CE,Germany,DQ,4/20/2016,6/1/2016,1
RFP0000000002030,1,0,1,1,1,3,1,0,0,1,1,1,0,0,0,0,0,0,1,0,0,1,0,0,0,0,0,0,0,0,0.9,0.9,1,50,4,1,0,0,0,0,0,1,0,0,0,0,0,1,0,0,0,0,0,US,United States of America,Big Data,5/23/2016,7/1/2016,1
RFP000000000324,0,0,1,1,1,2,0,0,1,0,0,0,0,0,1,0,0,0,0,0,0,0,0,0,0,0,0,0,0,0,0.29,0,43,0,28,0,0,0,0,0,1,0,0,0,0,0,0,0,0,0,0,1,0,US,United States of America,MDM,3/2/2015,4/10/2015,0
RFP0000000002031,1,0,1,1,0,1,1,0,0,1,1,1,0,0,0,0,0,0,1,0,0,1,0,0,0,0,0,0,0,1,0.604,0.604,43,25,14,0,0,0,0,0,0,0,0,0,0,0,0,0,0,0,0,1,0,US,United States of America,Big Data,5/20/2016,6/24/2016,0
RFP0000000001303,0,0,0,1,0,2,1,0,0,1,1,1,1,0,0,0,0,0,1,0,0,1,0,0,0,0,0,0,0,0,0.284,0,37,50,16,0,0,0,0,0,0,0,0,0,0,1,0,1,1,0,1,0,0,CE,EU,Big Data,10/14/2015,12/23/2015,0
RFP0000000001754,1,0,0,1,0,3,0,1,0,1,0,0,0,0,0,0,0,0,1,1,0,1,0,0,0,0,0,0,0,3,0,1.08,1,50,3,1,1,0,1,0,0,0,0,0,0,0,0,1,0,0,0,0,0,US,United States of America,Assessment,3/8/2016,5/13/2016,1
RFP0000000002484,1,0,1,1,1,2,0,0,0,1,1,1,0,0,1,1,0,0,1,0,1,0,0,1,0,0,0,0,0,0,0.35,0.35,1,30,19,1,0,0,1,1,0,1,0,0,0,1,0,0,0,0,0,0,0,US,United States of America,Development,8/17/2016,9/26/2016,1
PRO0000000002145,1,1,1,0,0,2,1,0,0,1,1,1,1,0,0,0,0,0,1,0,0,1,0,0,1,0,0,1,0,0,0.5,0.5,1,50,0,0,0,0,0,0,0,1,0,0,0,0,0,0,0,0,0,1,0,US,United States of America,Big Data,6/13/2016,7/4/2016,1
RFP000000000328,0,0,1,1,1,2,0,0,1,0,0,0,0,0,1,0,0,0,0,0,0,0,0,0,0,0,0,0,0,0,0.31,0,40,0,13,0,0,0,0,0,1,0,0,0,0,0,0,0,0,0,0,1,0,US,United States of America,MDM,3/18/2015,4/20/2015,0
PRO0000000001868,1,0,1,0,1,2,0,0,0,1,1,1,0,0,0,1,0,0,1,0,0,1,0,0,0,0,0,0,0,0,1.1,1.1,1,50,34,0,0,0,1,0,0,0,0,1,0,0,0,1,0,1,0,0,0,UK,United Kingdom,Big Data,4/7/2016,6/14/2016,1
RFP0000000001308,1,0,0,1,1,2,1,1,0,0,0,0,0,0,0,0,0,1,1,0,1,0,0,0,1,0,0,0,0,0,41.6,4.5,41,25,83,1,0,0,0,0,0,1,0,0,0,0,1,0,0,0,0,0,0,US,United States of America,Dev & Maint,10/9/2015,4/20/2016,0
RFP0000000001599,0,0,0,1,0,3,1,0,1,0,0,0,0,0,1,0,0,0,0,0,0,0,0,0,0,0,0,0,0,1,1.5,1.5,42,50,13,0,0,0,0,0,1,0,0,0,0,0,0,0,0,0,0,1,0,US,United States of America,MDM,1/12/2016,5/16/2016,0
RFP000000000550,0,0,1,1,1,3,1,0,1,0,0,0,0,0,1,0,0,0,0,0,0,0,0,0,0,0,0,0,0,0,2.73,0,43,0,13,0,0,0,0,0,0,0,0,0,0,0,0,0,0,0,0,1,0,US,United States of America,,3/2/2015,5/15/2015,0
RFP000000000668,0,0,0,1,0,2,1,1,1,0,0,0,0,1,0,1,0,0,0,1,0,0,0,0,1,1,1,0,0,0,2.5,0,0,30,23,0,0,1,0,0,0,0,0,1,1,1,1,1,0,0,0,0,0,US,United States of America,Development,6/3/2015,8/23/2015,1
PRO0000000002648,1,0,1,0,0,3,0,1,0,0,0,0,0,0,1,0,0,0,1,0,0,0,0,0,0,0,1,0,0,3,0.11,0.11,40.4,50,4,0,1,1,0,1,0,0,0,1,0,0,0,0,0,0,0,1,0,UK,United Kingdom,MDM,9/19/2016,10/4/2016,0
RFP000000000101,0,0,0,1,1,2,1,0,0,1,0,0,0,0,0,0,0,1,1,1,1,0,0,0,0,0,0,0,0,2,0.26,0,0,10,14,0,0,0,0,0,0,0,0,0,0,0,1,1,0,0,0,0,0,US,United States of America,Development,4/16/2015,6/3/2015,1
RFI00000000060,0,0,0,2,0,0,0,1,0,0,0,0,1,0,0,0,0,0,1,1,1,0,0,0,0,0,0,1,0,1,0,0,0,0,12,0,0,0,0,0,1,0,0,0,0,0,0,0,0,0,0,1,0,UK,United Kingdom,Development,4/17/2015,5/15/2015,1
RFP0000000001530,1,0,1,1,0,2,1,0,0,1,1,1,0,0,0,0,0,0,1,0,0,0,0,0,0,0,0,0,0,0,4.3,2.7,41,25,32,0,0,0,1,0,0,0,0,1,0,1,1,0,0,0,0,0,0,US,United States of America,Big Data,12/24/2015,5/13/2016,0
RFP000000000103,0,0,0,1,0,2,1,0,1,0,0,0,0,0,0,0,1,0,0,1,0,0,0,0,0,0,0,0,0,0,4,0,45,10,21,0,0,0,0,0,0,0,1,1,1,1,0,1,0,0,1,0,0,ME,UAE,,12/22/2014,3/4/2015,0
RFP000000000717,0,0,1,1,1,2,1,0,0,1,1,1,0,0,0,0,0,0,1,1,0,1,0,0,1,0,0,0,0,1,0.4,0,48,25,23,0,0,0,0,0,0,0,0,0,0,0,1,0,1,0,0,0,0,US,United States of America,Dev & Maint,6/17/2015,9/4/2015,0
RFP000000000105,1,0,1,1,1,3,1,0,1,0,0,0,0,0,0,0,1,0,1,1,0,0,1,0,0,0,0,0,0,0,0.53,0,45,50,13,0,1,0,0,0,0,0,0,0,1,0,0,1,0,1,0,0,0,US,United States of America,Development,1/23/2015,4/9/2015,0
RFP00000000084,1,0,1,1,0,3,0,1,1,0,0,0,0,0,0,0,1,1,1,1,0,0,1,0,0,0,0,0,0,0,0.4,0,44,25,17,0,0,0,0,0,0,0,0,0,0,0,0,0,0,0,0,1,0,CE,Nordics,Dev & Maint,4/27/2015,7/10/2015,0
RFP0000000002264,0,0,1,1,1,2,0,1,0,0,0,0,0,0,0,0,0,1,0,1,0,0,1,0,0,0,0,0,0,0,0.396,0.396,1,30,21,1,0,0,0,0,0,1,0,0,0,1,0,0,0,0,0,0,0,US,United States of America,Maintenance,7/5/2016,8/29/2016,1
RFP000000000396,1,0,1,1,0,2,0,1,0,0,0,0,0,0,0,0,0,0,1,1,0,0,1,0,0,0,0,0,0,0,0.23,0,0,30,8,0,1,1,0,0,0,0,0,0,1,1,0,0,1,0,0,0,0,US,United States of America,Development,3/5/2015,5/5/2015,1
RFP000000000440,1,0,1,1,0,1,0,0,1,0,0,0,0,0,1,0,0,0,1,0,0,0,0,0,0,0,0,0,0,0,0.15,0,45,50,8,0,1,0,0,0,0,0,0,0,0,0,0,0,0,0,0,1,0,US,United States of America,MDM,1/7/2015,4/3/2015,0
RFI0000000001123,1,0,1,2,0,2,2,1,1,0,0,0,0,1,0,0,0,0,0,1,1,0,0,0,0,0,0,0,0,0,0.3,0,1,1,18,0,0,0,0,0,1,0,0,0,0,0,0,0,0,0,0,1,0,US,United States of America,Analytics,8/24/2015,9/28/2015,1
PRO0000000002378,1,1,1,0,0,2,0,0,0,1,0,0,0,0,0,0,0,0,1,0,0,1,0,0,0,0,0,0,0,0,0,0.085,1,20,42,0,0,0,1,0,0,1,1,0,0,0,0,0,0,0,0,1,0,US,United States of America,Analytics,7/20/2016,8/30/2016,1
PRO000000000148,1,0,1,0,1,1,2,1,0,0,0,0,0,0,0,0,0,0,1,1,0,0,0,0,0,0,0,0,0,0,1.5,0,48,10,1,0,0,0,0,1,0,0,0,0,1,0,0,0,0,0,0,1,0,US,United States of America,Development,5/6/2015,6/1/2015,0
RFP00000000021,1,0,1,1,1,0,0,1,0,0,0,0,0,0,0,0,0,0,0,1,0,0,0,0,0,1,0,0,0,1,0.12,0,0,10,2,0,1,0,0,1,0,0,0,0,0,0,0,0,0,0,0,1,0,US,United States of America,Development,4/15/2015,6/4/2015,1
RFP000000000333,0,0,1,1,1,2,1,1,0,0,0,0,0,0,0,0,0,1,1,1,1,0,0,0,0,0,0,0,0,0,3.7,0,0,20,21,0,1,0,0,0,0,0,0,1,1,0,0,0,0,0,0,1,0,US,United States of America,Maintenance,2/16/2015,4/1/2015,1
RFP0000000001924,1,0,1,1,0,2,1,1,0,0,0,0,0,0,1,0,0,0,0,0,0,0,0,0,0,0,0,0,0,1,1.1,0.9,39,10,4,0,1,1,0,0,0,0,0,1,0,1,0,0,0,0,0,0,0,US,United States of America,DG,4/14/2016,5/13/2016,0
RFP00000000024,1,0,0,1,0,2,1,1,0,0,1,0,0,0,0,0,0,0,1,1,0,0,0,0,0,0,0,0,0,1,1,0,45,60,18,0,0,0,0,0,0,0,0,0,0,0,0,0,0,0,0,1,0,US,United States of America,Maintenance,4/6/2015,11/30/2015,0
RFP000000000175,0,0,0,1,1,0,0,1,0,0,0,0,0,0,0,0,0,1,1,1,0,0,0,1,0,0,0,0,0,1,1,0,0,10,20,1,1,0,0,0,0,1,0,0,0,0,0,0,0,0,0,1,0,CE,Switzerland,Maintenance,1/31/2015,6/15/2015,1
RFP0000000001316,0,0,0,1,0,1,0,1,0,0,0,0,0,0,0,0,0,0,1,1,1,0,0,0,0,0,0,0,0,0,0.35,0,42,20,41,1,0,0,1,0,0,0,0,0,0,0,0,0,0,0,0,1,0,UK,United Kingdom,Dev & Maint,9/22/2015,12/7/2015,0
RFP000000000177,1,0,0,1,0,3,1,1,0,0,0,0,0,0,0,0,0,1,1,1,0,0,0,0,0,1,0,0,0,1,1.62,0,0,10,24,0,1,0,0,0,0,0,1,1,1,1,0,1,0,0,0,0,0,US,United States of America,Maintenance,1/13/2015,5/6/2015,1
RFP000000000178,0,0,1,1,0,0,1,1,0,0,1,0,0,1,0,1,0,0,1,1,1,0,0,0,1,0,0,1,0,4,9.99,0,40,10,11,0,0,0,0,0,0,0,1,0,1,1,1,0,0,0,0,0,0,US,United States of America,Dev & Maint,3/5/2015,6/6/2015,0
PRO0000000001150,0,0,1,0,0,1,1,0,1,0,0,0,0,0,0,0,1,0,0,0,0,0,0,0,0,0,0,0,0,0,0.135,0,40,10,12,1,0,0,0,0,0,0,0,0,0,0,0,1,0,0,0,0,0,APAC,ASEAN,Development,8/19/2015,11/12/2015,0
PRO0000000001763,1,0,1,0,1,0,0,0,0,1,1,1,0,0,0,0,0,0,1,0,0,1,0,0,0,0,0,0,0,1,0.05,0.05,40,50,3,0,1,0,0,1,0,1,0,0,0,0,0,0,0,0,0,1,0,US,United States of America,Big Data,3/11/2016,3/21/2016,0
RFP000000000224,1,0,1,1,1,3,1,0,1,0,0,0,0,0,1,0,0,0,1,0,0,0,0,0,0,0,0,0,0,0,2.55,0,41,0,32,0,0,0,0,0,1,0,0,0,0,0,0,0,0,0,0,1,0,UK,United Kingdom,Maintenance,1/22/2015,8/20/2015,0
RFP0000000001202,1,0,0,1,1,2,1,1,0,0,0,0,0,0,1,0,0,1,0,1,1,0,0,0,0,0,0,0,0,0,1.5,0,38,30,38,1,1,0,0,1,0,0,0,0,1,0,0,0,0,0,0,1,0,CE,Benelux,Maintenance,8/25/2015,12/31/2015,0
RFP0000000001491,1,0,1,1,1,2,0,1,0,0,0,0,0,0,0,1,0,0,1,1,0,0,0,0,0,0,0,0,0,0,0.15,0,43,25,11,0,0,0,1,0,0,1,0,0,0,0,0,0,0,1,0,0,0,UK,United Kingdom,Development,12/11/2015,1/21/2016,0
PRO00000000049,0,0,1,0,1,1,0,0,1,0,1,0,0,0,0,1,0,0,1,1,0,0,0,0,1,1,0,0,0,0,0.1,0,0,20,24,0,0,0,0,0,1,0,0,0,0,0,1,0,0,0,0,0,0,US,United States of America,Analysis,4/13/2015,5/8/2015,1
RFP0000000001494,0,0,1,1,1,2,0,1,0,0,0,0,0,0,0,0,0,0,1,0,0,0,0,0,0,0,0,0,0,0,0.07,0.07,40,25,4,1,0,0,0,0,0,1,0,0,0,1,0,0,0,0,0,0,0,US,United States of America,Development,12/18/2015,5/25/2016,0
RFP0000000001044,0,0,1,1,1,2,2,0,1,0,0,0,0,0,0,0,1,0,0,1,0,0,0,0,0,0,0,0,0,0,0.89,0,44,25,39,1,0,0,0,0,0,0,0,1,1,0,0,0,0,0,0,1,0,US,United States of America,Development,8/3/2015,9/25/2015,0
RFP0000000001657,0,0,0,1,1,1,1,1,0,0,1,0,0,0,0,0,0,0,1,1,0,0,0,1,0,0,0,0,0,0,7.86,2.3,46,30,24,1,0,0,0,0,0,1,0,1,1,0,0,0,0,0,0,1,0,US,United States of America,Dev & Maint,2/9/2016,3/18/2016,0
RFP0000000001496,1,0,0,1,0,0,1,1,0,0,0,0,0,0,0,1,0,1,1,1,0,0,0,0,1,0,0,0,1,3,200,4.82,40,10,34,1,1,0,1,0,0,1,0,1,1,1,1,0,0,0,0,0,0,US,United States of America,Dev & Maint,12/11/2015,5/13/2016,0
RFP0000000001991,0,0,1,1,1,2,0,0,0,1,1,1,0,0,0,1,0,0,0,0,1,0,0,0,0,0,0,0,0,0,0.31,0.31,42,50,14,0,0,0,0,0,0,1,0,0,0,1,0,0,0,0,0,0,0,US,United States of America,Big Data,5/9/2016,9/1/2016,0
PRO0000000001814,1,0,1,0,0,3,0,1,0,0,0,0,0,0,0,0,0,0,0,1,0,0,0,0,0,1,0,0,0,1,0.053,0.053,40,50,9,0,0,0,0,1,0,1,0,0,0,1,0,0,1,0,0,0,0,US,United States of America,Analytics,3/22/2016,5/18/2016,0
RFI0000000001696,0,0,0,2,0,0,2,0,0,1,1,1,0,1,1,0,0,1,1,0,1,1,0,0,0,0,0,0,0,3,0.12,0.12,1,25,10,0,0,0,0,0,1,1,0,0,0,1,0,0,0,0,0,0,0,US,United States of America,Dev & Maint,2/19/2016,4/5/2016,1
RFP0000000001209,1,0,1,1,1,2,0,1,0,0,0,0,0,0,0,0,0,1,1,0,0,0,0,0,0,0,0,0,1,0,0.3,0,0,20,19,0,0,0,1,0,0,0,0,0,0,0,0,0,0,0,0,1,0,US,United States of America,Maintenance,9/10/2015,12/30/2015,1
RFP000000000565,1,0,0,1,1,3,1,1,1,1,1,1,0,0,1,0,1,1,0,1,1,0,0,0,0,1,1,0,1,0,1.2,0,40,25,29,0,0,0,1,0,0,0,0,1,1,0,0,0,0,0,0,0,1,US,United States of America,Maintenance,5/14/2015,10/7/2015,0
PRO0000000001041,1,0,1,0,1,3,1,0,0,1,1,1,0,0,0,0,0,0,1,0,0,1,0,0,0,0,0,0,0,3,0,0,40,10,83,0,1,0,0,1,0,0,0,1,0,0,0,0,0,0,0,1,0,US,United States of America,Big Data,8/4/2015,2/24/2016,0
PRO0000000001203,1,0,1,0,1,1,0,1,0,0,0,0,0,0,0,0,0,1,1,0,0,0,0,0,0,0,0,0,0,0,0.228,0,40,50,12,1,0,1,1,1,0,0,0,0,0,0,0,0,0,0,0,1,0,US,United States of America,Maintenance,9/16/2015,12/7/2015,0
RFP000000000115,1,0,0,1,0,1,1,1,0,0,1,1,0,0,1,0,0,0,1,1,0,1,0,0,0,0,0,0,0,1,1.5,0,35,100,12,1,1,0,0,0,0,0,0,1,1,0,1,1,0,0,0,0,0,CE,Germany,Big Data,3/4/2015,4/28/2015,0
RFP000000000117,0,0,0,1,0,2,1,1,0,0,0,0,0,0,0,0,0,0,0,1,0,0,1,0,0,0,1,0,0,1,0.7,0,41,50,9,0,0,0,0,0,0,0,0,0,0,1,1,0,1,1,0,0,0,CE,Germany,Development,3/18/2015,6/1/2015,0
RFP0000000001383,0,0,0,1,1,2,0,1,0,0,0,0,0,0,0,0,0,1,1,1,0,0,0,1,0,0,0,0,0,0,15,1.2,35,25,66,0,0,0,0,0,0,1,0,0,0,0,0,1,0,0,0,0,0,US,United States of America,Maintenance,10/26/2015,5/12/2016,0
PRO0000000001207,0,0,1,0,1,3,0,1,0,0,0,0,1,0,0,0,0,0,0,0,1,0,0,0,0,0,0,1,0,0,0.067,0,40,10,2,1,0,0,0,0,0,1,0,0,0,0,0,0,0,0,0,1,0,US,United States of America,Development,9/15/2015,10/8/2015,0
RFP0000000001880,1,0,1,1,0,3,0,1,0,0,0,0,0,0,1,0,0,0,0,0,0,0,0,0,0,0,0,0,0,0,1.4,1.4,1,50,17,1,0,0,1,0,0,1,0,1,0,1,0,0,0,0,0,0,0,US,United States of America,MDM,4/8/2016,7/20/2016,1
PRO000000000317,1,0,0,0,1,3,0,1,0,0,0,0,0,0,0,0,0,0,1,0,0,0,0,0,0,0,0,0,0,0,0.09,0,25,50,11,0,0,0,0,0,0,0,0,0,0,0,0,0,0,0,0,1,0,US,United States of America,Development,3/9/2015,7/2/2015,0
RFP0000000002439,0,0,0,1,1,2,0,0,1,0,0,0,0,0,1,1,0,0,1,0,0,0,0,0,1,0,0,0,0,0,0.8,0.8,1,25,11,1,0,0,0,0,0,1,0,0,0,1,0,0,1,0,0,0,0,US,United States of America,MDM,8/8/2016,9/7/2016,1
PRO0000000001544,1,0,1,0,0,0,0,1,0,0,0,0,0,0,0,0,0,0,1,0,0,0,0,0,0,0,0,0,0,3,0.2,0.2,40,25,9,1,1,1,0,1,0,1,0,0,0,0,0,0,0,0,0,1,0,US,United States of America,Dev & Maint,1/4/2016,2/10/2016,0
RFI000000000213,0,0,1,2,0,1,0,1,0,1,1,1,1,0,0,0,0,0,1,0,0,0,0,0,0,0,0,1,0,2,0,0,0,10,5,0,0,0,0,1,0,1,1,0,0,0,0,0,0,0,0,0,1,UK,United Kingdom,Analytics,1/23/2015,7/31/2015,1
PRO0000000002274,1,0,1,0,1,0,1,1,0,0,0,0,0,0,0,0,0,0,1,0,1,0,0,0,0,0,0,1,0,1,8.2,8.2,40,40,143,0,0,1,0,1,0,1,0,0,0,1,0,0,0,0,0,0,0,CE,Benelux,Analytics,1/29/2016,7/20/2016,0
RFP0000000001272,1,0,0,1,1,2,2,1,0,0,0,0,0,0,0,0,0,1,1,1,0,0,0,0,0,0,0,0,0,0,0.92,0,37,25,11,1,1,0,0,1,0,0,0,0,0,0,0,0,0,0,0,1,0,US,United States of America,Dev & Maint,10/5/2015,1/1/2016,0
RFP000000000952,0,0,1,1,0,1,1,0,1,0,0,0,0,1,0,0,0,0,1,1,0,0,0,0,1,0,0,0,0,0,0.144,0,40,10,33,1,0,0,0,0,0,0,0,0,1,0,0,0,0,0,0,1,0,CE,Rest of Europe,Strategy,7/15/2015,8/28/2015,0
RFP000000000340,0,0,1,1,1,2,0,1,0,0,0,0,0,0,0,0,0,0,0,1,0,0,0,0,0,0,0,0,0,0,0.78,0,0,20,42,0,0,0,0,1,0,0,0,0,0,0,0,0,0,0,0,1,0,US,United States of America,Development,1/2/2015,3/1/2015,1
PRO000000000205,1,0,0,0,1,0,0,1,0,0,0,0,0,0,0,0,0,1,1,1,0,0,0,0,0,0,0,0,0,0,0.4,0,0,10,7,1,0,1,0,0,0,1,0,0,0,0,0,0,0,0,0,1,0,US,United States of America,Maintenance,5/4/2015,6/30/2015,1
RFQ000000000682,0,0,0,3,0,0,2,1,0,0,0,0,0,0,0,0,0,0,0,1,0,0,0,0,0,0,0,0,0,2,0.116,0,40,10,56,1,0,0,0,0,0,0,0,0,0,0,0,0,0,0,0,1,0,CE,Nordics,Maintenance,6/3/2015,11/6/2015,0
PRO0000000001432,0,0,1,0,0,3,0,0,1,0,0,0,0,0,1,0,0,0,0,0,0,0,0,0,0,0,1,0,0,0,0.537435,0,43,50,21,1,0,0,0,0,0,0,0,0,0,0,0,1,0,0,1,0,0,UK,United Kingdom,MDM,11/23/2015,1/21/2016,0
RFQ0000000002172,1,0,1,3,1,1,0,0,0,1,1,1,0,0,0,0,0,0,1,0,0,1,0,0,0,0,0,0,0,3,0,0,1,25,13,0,0,0,0,0,0,0,0,0,0,0,0,1,0,0,0,0,0,US,United States of America,Big Data,6/17/2016,7/4/2016,1
RFI0000000001477,1,0,1,2,1,3,0,0,1,1,0,0,0,1,0,0,0,0,0,0,0,0,0,0,0,0,0,0,0,3,0,0,1,40,5,0,1,0,0,0,0,1,0,0,0,0,0,0,0,0,0,1,0,US,United States of America,Assessment,12/11/2015,12/22/2015,1
PRO0000000002163,1,1,1,0,0,2,1,0,0,1,1,1,0,0,0,0,0,0,1,0,0,1,0,0,0,0,0,0,0,0,0.8,0.8,1,100,0,0,0,0,0,0,0,1,0,0,0,0,0,0,0,0,0,1,0,US,United States of America,Analytics,5/2/2016,7/8/2016,1
RFP000000000184,1,0,1,1,0,2,1,1,0,1,1,1,0,0,0,0,0,0,1,0,1,0,0,0,0,0,0,0,0,0,1.2,0,42,70,23,0,1,0,0,0,0,1,1,1,1,0,0,0,1,0,0,0,0,US,United States of America,Big Data,5/6/2015,8/13/2015,0
RFP000000000346,0,0,1,1,0,0,1,0,0,1,1,1,0,0,0,0,0,0,1,0,0,1,0,0,0,0,0,0,0,1,1.88,0,43,25,13,0,0,0,0,1,0,1,0,0,0,0,0,1,0,0,0,0,0,US,United States of America,Big Data,3/19/2015,4/29/2015,0
RFI000000000104,0,0,1,2,1,0,0,0,1,0,0,0,0,0,0,0,1,0,0,1,0,0,0,0,0,0,0,0,0,2,0,0,0,10,1,0,0,0,0,0,0,0,0,0,0,0,0,0,0,0,0,1,0,US,United States of America,,1/27/2015,2/27/2015,1
RFP0000000001162,1,0,1,1,0,1,2,1,0,0,0,0,0,0,0,0,0,1,1,0,0,0,0,0,0,0,0,0,0,2,1.26,0,31,30,18,0,0,0,1,1,0,0,0,0,0,0,0,0,0,0,0,1,0,APAC,Singapore,Dev & Maint,8/24/2015,9/30/2015,0
RFP0000000002216,0,0,1,1,0,3,2,0,1,0,0,0,0,0,0,0,1,0,0,0,0,0,0,0,0,0,0,0,0,0,0.593,0.593,1,25,8,1,0,0,0,0,0,0,0,1,0,0,0,0,0,0,0,1,0,ME,UAE,Development,6/27/2016,7/31/2016,1
RFP00000000038,0,0,0,1,0,2,1,1,0,0,0,0,0,0,1,0,0,0,1,1,0,0,1,0,1,0,0,0,0,1,0.1,0,40,10,70,1,0,0,0,0,0,0,0,0,0,0,0,1,0,0,1,0,0,CE,Rest of Europe,Dev & Maint,4/6/2015,12/15/2015,0
PRO0000000001437,1,0,1,0,0,3,0,0,1,0,0,0,0,1,0,0,0,0,0,1,1,0,0,0,0,0,0,1,0,1,0.063,0,40,25,2,0,1,0,0,0,0,0,0,0,0,0,0,0,0,0,0,1,0,CE,Rest of Europe,Assessment,11/17/2015,11/26/2015,0
RFP0000000002217,1,0,1,1,1,2,0,1,0,0,0,0,0,0,0,1,0,0,1,0,0,0,0,0,0,0,0,0,0,0,0.28,0.28,45,50,10,0,0,0,0,1,0,1,0,0,0,1,0,0,1,0,0,0,0,US,United States of America,Development,6/27/2016,8/4/2016,0
PRO0000000001438,0,0,1,0,0,2,0,1,0,0,0,0,0,0,0,0,0,0,1,0,1,0,0,0,0,0,0,0,0,0,0.4,0,45,25,6,1,0,0,0,0,0,1,0,0,0,0,0,0,0,0,0,0,1,US,United States of America,Dev & Maint,11/13/2015,12/28/2015,0
RFI0000000001860,1,1,1,2,0,2,1,1,0,0,0,0,0,0,0,0,0,0,1,0,0,1,0,0,0,0,0,0,0,2,0,0,1,25,72,0,0,0,1,0,0,1,0,1,1,0,1,0,0,0,0,0,0,CE,Rest of Europe,Big Data,4/4/2016,8/31/2016,1
RFP0000000001050,1,0,0,1,0,2,1,0,1,0,0,0,0,0,1,0,0,0,0,0,0,0,0,0,0,0,1,0,0,0,1.5,0,44,100,21,1,1,1,1,0,0,0,0,0,1,0,0,0,0,0,0,1,0,US,United States of America,MDM,8/3/2015,12/10/2015,0
RFP000000000235,0,0,1,1,0,1,1,1,0,0,0,0,0,0,0,1,0,0,0,1,0,0,0,0,0,1,0,0,0,0,1.55,0,38,10,35,1,0,0,0,0,0,0,1,1,1,0,1,0,0,0,0,0,0,ME,UAE,Development,1/27/2015,4/1/2015,0
PRO0000000002054,1,0,1,0,1,2,0,1,0,0,0,0,0,0,0,0,0,0,0,0,1,0,0,0,0,0,0,1,0,0,0.1,0.1,1,20,6,0,0,0,0,0,0,0,0,0,0,0,0,0,0,0,0,1,0,US,United States of America,Development,5/24/2016,10/12/2016,1
RFP000000000733,0,0,0,1,0,2,2,1,0,0,0,0,0,0,1,0,0,0,0,0,0,0,0,0,0,0,0,0,0,3,0,0,0,10,16,1,0,0,0,0,0,0,0,0,0,1,0,1,0,1,1,0,0,UK,United Kingdom,Development,6/12/2015,6/30/2015,1
PRO0000000001822,1,0,1,0,1,1,0,0,1,0,0,0,0,1,0,0,0,0,0,1,0,0,0,0,0,0,0,0,0,0,0.095,0.095,40,20,16,0,1,0,0,0,0,1,0,0,0,0,0,0,0,0,0,1,0,UK,United Kingdom,Assessment,3/21/2016,4/11/2016,0
RFP0000000002396,1,0,1,1,0,0,0,1,0,0,0,0,0,0,0,1,0,0,1,1,0,0,0,0,0,0,0,0,0,0,0.3,0.3,40,50,16,1,1,0,0,0,0,1,0,0,0,0,0,0,0,0,0,1,0,US,United States of America,Development,7/27/2016,9/29/2016,0
RFQ000000000128,1,0,1,3,1,2,0,1,0,0,0,0,0,0,0,0,0,0,1,0,0,0,1,0,0,0,0,0,0,0,0.15,0,45,30,8,1,0,0,0,0,0,0,0,0,1,0,0,0,0,0,0,1,0,US,United States of America,Development,1/1/2015,2/21/2015,0
PRO0000000001213,1,0,1,0,1,1,2,1,0,0,0,0,0,0,0,0,0,0,1,0,0,0,0,0,0,0,0,0,0,0,0.68,0,45,50,8,1,0,0,0,0,0,0,0,0,0,0,0,0,0,0,0,1,0,US,United States of America,Development,9/22/2015,11/12/2015,0
PRO000000000774,1,0,1,0,1,2,1,0,0,1,1,1,0,0,0,0,0,0,1,0,0,1,0,0,0,0,0,0,0,1,0.078,0,45,0,27,0,1,0,0,0,0,0,0,0,0,0,0,0,0,0,0,1,0,UK,United Kingdom,Big Data,6/26/2015,7/24/2015,0
RFP0000000001059,1,0,1,1,0,3,1,0,1,0,0,0,0,0,1,0,0,0,0,0,0,0,0,0,0,0,0,0,0,1,2.7,0,40,60,14,0,1,0,0,0,0,0,0,1,1,1,0,0,0,0,1,0,0,US,United States of America,MDM,7/31/2015,10/1/2015,0
RFP0000000001716,0,0,0,1,1,1,2,1,0,0,0,0,0,0,0,0,0,1,1,0,1,0,0,0,1,0,0,0,1,0,23.2,4.6,40,25,27,1,0,0,0,0,0,0,0,0,0,0,0,0,0,0,0,1,0,US,United States of America,Dev & Maint,2/18/2016,5/10/2016,0
PRO0000000001218,0,1,1,0,0,3,1,0,0,1,1,1,0,0,0,0,0,1,1,0,0,1,0,0,0,0,0,0,0,1,1.6,0,47,25,16,1,0,0,0,0,0,1,0,0,0,1,0,0,0,0,0,0,0,US,United States of America,Big Data,9/23/2015,1/6/2016,0
RFP000000000960,1,0,1,1,0,3,1,0,1,0,0,0,0,0,1,0,0,0,0,0,0,0,0,0,0,0,0,0,0,0,0.9,0,28,30,18,0,0,1,0,0,0,0,0,1,1,1,1,0,1,1,0,0,0,APAC,India,Dev & Maint,5/4/2015,6/9/2015,0
RFP000000000510,1,0,1,1,1,1,0,0,1,0,0,0,0,0,1,0,0,0,1,0,0,0,0,0,0,0,0,0,0,1,0.067,0,43,75,1,0,0,1,0,0,0,0,0,0,0,1,0,0,0,0,0,0,0,US,United States of America,MDM,5/7/2015,6/9/2015,0
RFP0000000001895,1,0,1,1,1,1,1,0,0,1,1,1,0,0,0,0,0,0,1,0,0,0,0,0,0,0,0,0,0,0,1.1,0.15,40,60,7,0,0,0,0,0,0,0,0,1,0,0,0,1,0,0,0,0,0,US,United States of America,Big Data,4/14/2016,9/2/2016,0
RFP0000000001445,0,1,1,1,0,2,0,0,0,1,1,1,0,0,0,0,0,0,1,0,1,0,0,0,1,0,0,0,0,0,0,0,0,30,27,0,0,0,0,1,0,1,0,0,0,0,0,0,0,0,0,1,0,US,United States of America,Big Data,11/24/2015,1/20/2016,1
RFP0000000001941,1,0,0,1,1,3,0,0,0,1,1,1,0,0,0,0,0,0,1,0,0,1,0,0,0,0,0,0,1,0,0,0.14,1,25,9,0,0,0,1,0,0,1,0,0,1,0,0,0,0,0,1,0,0,US,United States of America,Big Data,4/26/2016,6/10/2016,1
RFP000000000351,1,0,1,1,0,2,0,1,0,0,0,0,0,0,1,0,0,0,0,0,0,0,0,0,0,0,0,0,0,0,0.15,0,0,20,9,0,0,0,0,0,0,0,0,0,0,0,0,0,0,0,0,1,0,US,United States of America,MDM,3/2/2015,3/19/2015,1
PRO000000000711,0,0,1,0,0,3,0,0,0,1,1,1,0,0,0,1,0,0,1,0,0,1,0,0,0,0,0,0,0,3,0,0,0,10,4,1,0,0,0,0,0,1,0,0,0,0,0,0,0,0,0,1,0,US,United States of America,Big Data,6/15/2015,7/1/2015,1
RFI000000000679,0,0,1,2,0,1,0,1,0,0,0,0,0,0,0,0,0,0,0,0,0,0,0,0,0,0,0,0,0,2,0,0,0,0,9,0,0,0,0,0,0,1,0,0,0,0,0,0,0,0,0,1,0,UK,United Kingdom,Analytics,6/10/2015,7/24/2015,1
RFP0000000001943,0,0,0,1,1,3,1,1,0,1,1,1,0,0,0,0,0,1,1,1,1,1,0,0,0,0,0,0,0,0,0,2.9,1,25,24,0,0,0,0,0,0,0,0,1,1,1,1,1,0,0,1,0,0,US,United States of America,Maintenance,4/26/2016,6/13/2016,1
RFI0000000001984,0,0,0,2,0,2,0,1,0,0,0,0,0,0,0,0,0,0,0,1,1,0,0,1,0,0,0,0,0,3,0,0,1,20,4,0,0,0,0,0,1,1,0,0,0,0,0,0,0,0,0,1,0,UK,United Kingdom,Assessment,5/9/2016,7/12/2016,1
PRO0000000001608,0,0,1,0,0,3,0,1,0,0,0,0,0,0,0,0,0,0,1,0,0,0,0,0,1,0,0,0,0,1,0.65,0.65,42,60,8,1,0,0,1,0,0,0,0,0,0,0,0,0,1,0,0,0,0,US,United States of America,Development,1/28/2016,3/24/2016,0
RFP000000000402,0,0,1,1,1,2,0,1,0,0,0,0,0,0,1,0,0,0,1,0,0,0,0,0,0,0,0,0,0,0,0.1,0,40,10,27,0,0,0,0,0,1,0,0,1,1,0,1,1,0,0,0,0,0,CE,Germany,Analytics,3/11/2015,5/7/2015,0
PRO000000000600,1,0,1,0,1,2,0,1,0,0,0,0,0,0,0,0,0,0,1,1,0,0,1,0,0,0,0,0,0,0,0.232,0,41,20,6,1,0,0,1,0,0,1,0,0,0,0,0,0,0,0,0,0,1,US,United States of America,Development,5/15/2015,12/28/2015,0
RFI00000000028,1,0,1,2,1,3,2,0,1,0,1,0,0,0,1,1,0,0,1,1,0,0,0,0,1,0,1,0,0,2,0,0,0,0,13,0,0,1,0,0,0,0,0,0,0,0,1,1,0,0,1,0,0,UK,United Kingdom,MDM,4/14/2015,5/20/2015,1
RFP000000000403,0,0,0,1,0,1,1,1,0,0,1,0,0,0,0,0,0,0,0,0,1,0,0,0,0,0,0,0,0,0,1.4,0,44,40,12,1,0,0,1,0,0,0,0,1,1,0,1,0,0,0,0,0,0,APAC,ASEAN,Development,3/18/2015,9/16/2015,0
PRO0000000001899,1,0,1,0,0,1,0,1,0,0,0,0,0,0,1,0,0,0,0,0,1,0,0,0,0,0,0,1,0,2,0.1975,0.1975,32,30,22,0,0,0,0,0,0,0,0,0,0,0,0,0,0,0,0,1,0,ME,UAE,Dev & Maint,4/4/2016,8/4/2016,0
RFP0000000001832,0,0,0,1,0,0,1,1,0,1,1,1,0,0,0,0,0,0,0,0,1,0,0,1,0,0,0,0,0,3,0.05,0.04,34,25,8,0,0,0,0,0,0,0,0,0,0,0,1,1,0,0,0,0,0,CE,Rest of Europe,Dev & Maint,3/29/2016,5/9/2016,0
RFP0000000002066,0,0,0,1,0,2,2,1,0,0,1,0,0,0,0,0,0,0,0,0,0,0,0,0,0,0,0,0,0,0,25,3,1,25,101,0,0,0,0,0,0,0,0,0,0,0,1,0,0,0,0,0,0,US,United States of America,Development,4/18/2016,9/9/2016,1
RFI0000000001988,1,0,0,2,0,1,0,1,0,0,0,0,0,0,0,0,0,0,0,0,0,0,0,0,0,0,0,0,0,2,0,0,1,50,4,0,0,1,0,0,0,0,0,0,0,0,0,0,0,0,0,1,0,ME,UAE,Development,5/10/2016,6/23/2016,1
RFP0000000001060,1,0,1,1,0,2,1,1,0,0,1,0,0,1,1,1,0,0,1,0,0,0,1,1,0,0,0,0,0,0,1.8,1.9,35,25,23,1,0,0,1,0,0,1,0,0,0,0,0,0,1,0,0,0,0,ME,Saudi Arabia,Development,7/31/2015,3/14/2016,0
RFP0000000001178,1,0,1,1,0,3,1,0,1,0,0,0,0,0,1,0,0,0,0,0,0,0,0,0,0,0,0,0,0,2,0.8,0,42,80,50,0,0,0,0,0,0,0,0,0,0,1,0,0,0,0,0,0,0,US,Canada,MDM,8/26/2015,10/27/2015,0
RFP000000000408,0,0,1,1,0,2,0,1,0,0,0,0,0,1,0,0,0,0,1,1,0,0,0,0,0,0,1,0,0,0,0.1,0,43,20,8,0,0,0,0,0,0,0,0,0,0,0,0,0,1,0,0,0,0,US,United States of America,Assessment,2/23/2015,3/31/2015,0
RFI0000000001424,1,0,1,2,1,0,1,0,0,1,1,1,0,0,0,0,0,0,1,0,0,1,0,0,0,0,0,0,0,3,0,0,1,25,18,0,1,0,0,0,0,1,0,0,0,0,0,0,0,0,0,1,0,UK,United Kingdom,Big Data,11/23/2015,2/26/2016,1
RFP0000000001064,0,0,1,1,1,0,1,0,1,0,0,0,0,0,1,0,0,0,0,0,0,0,0,0,0,0,0,0,0,0,0.08,0,41,80,34,0,0,0,0,0,0,0,0,0,0,0,1,0,1,1,0,0,0,CE,Benelux,MDM,7/28/2015,9/15/2015,0
RFP000000000131,0,0,0,1,1,2,1,1,1,0,0,0,0,0,1,0,0,0,0,1,0,0,0,0,0,0,1,0,0,0,1.1,0,41,20,13,0,0,0,0,0,0,0,0,1,1,0,1,0,0,1,1,0,0,US,United States of America,Development,2/19/2015,3/14/2015,0
PRO0000000001671,1,0,1,0,1,1,0,1,0,0,0,0,0,0,0,0,0,0,1,1,0,0,1,0,0,0,0,0,0,1,0.075,0.075,40,50,5,1,0,1,1,0,0,1,0,0,0,0,0,0,0,0,0,1,0,UK,United Kingdom,Dev & Maint,2/12/2016,3/1/2016,0
RFP000000000745,0,0,1,1,0,2,1,0,0,1,1,1,0,0,0,0,0,0,1,0,0,1,0,0,1,0,0,0,0,3,0.35,0,41,10,9,0,0,0,0,0,1,1,0,0,0,1,0,0,0,1,0,0,0,US,United States of America,Dev & Maint,6/24/2015,7/16/2015,0
RFP000000000133,0,0,0,1,0,2,1,1,0,1,1,1,1,0,0,0,0,1,1,0,1,1,1,0,0,0,0,1,0,1,20,0,42,10,38,0,0,0,0,0,0,0,0,1,1,1,0,0,0,1,0,0,0,US,United States of America,Big Data,2/20/2015,2/12/2016,0
RFP000000000134,1,0,1,1,1,3,1,1,0,0,0,0,0,0,0,1,0,0,0,1,1,0,0,1,0,0,1,1,0,0,3.55,0,0,33,45,0,0,0,0,0,0,0,1,1,1,1,0,0,1,0,0,0,0,CE,Rest of Europe,Dev & Maint,1/16/2015,3/26/2015,1
RFP0000000001112,0,1,1,1,0,2,1,1,1,1,1,1,0,0,0,0,0,0,1,0,0,0,0,0,0,0,0,0,0,0,5.3,5.3,0,20,25,1,0,0,0,0,0,1,0,1,1,1,1,0,1,0,0,0,0,US,United States of America,Development,8/20/2015,1/20/2016,1
RFP000000000136,0,0,0,1,1,3,1,1,0,0,0,0,0,0,1,1,0,0,1,0,0,0,0,0,1,0,0,0,0,0,0.85,0,43,10,17,1,0,0,0,0,0,1,0,0,1,0,0,1,0,1,0,0,0,APAC,ANZ,MDM,1/30/2015,5/7/2015,0
PRO0000000001225,0,1,1,0,1,3,0,0,0,1,1,1,0,0,0,0,0,0,0,0,1,0,0,0,0,0,0,0,0,0,0.1,0,42,10,12,1,0,0,0,0,0,1,0,0,0,0,0,0,0,0,0,1,0,CE,Switzerland,Big Data,9/18/2015,10/2/2015,0
RFP0000000001611,1,0,1,1,1,2,0,0,0,1,1,1,0,0,0,0,0,0,1,0,0,0,0,0,0,0,0,0,0,0,2.4,2.4,40,25,17,0,0,0,0,1,0,1,1,0,0,0,0,0,0,0,0,1,0,US,United States of America,Big Data,1/22/2016,3/6/2016,0
RFP0000000002180,1,0,0,1,0,2,0,1,0,0,1,0,0,0,0,0,0,0,1,0,0,0,0,0,1,0,0,0,0,0,0.06,0.06,35,25,11,1,0,0,0,0,0,1,0,0,0,0,1,0,0,0,0,0,0,CE,Germany,Development,6/20/2016,9/6/2016,0
RFI000000000845,1,0,0,2,0,3,0,1,0,0,0,0,0,0,0,0,0,0,0,1,0,0,0,0,0,0,0,0,0,2,0,0,0,0,7,0,0,1,0,0,0,0,0,0,0,1,0,0,0,0,0,0,0,LATAM,Mexico,Maintenance,7/6/2015,12/1/2015,1
PRO0000000002009,1,0,1,0,0,1,0,0,0,1,1,1,0,0,0,0,0,1,0,0,1,0,0,0,0,0,0,0,0,3,0,0,1,25,5,0,0,0,0,0,0,0,0,0,0,0,0,0,0,0,0,1,0,US,United States of America,Maintenance,5/19/2016,7/14/2016,1
RFP0000000001458,0,1,1,1,0,2,1,0,0,1,1,1,0,0,0,0,0,0,1,0,0,0,0,0,0,0,0,0,0,0,1.9,1.9,43,20,42,0,0,0,1,0,0,1,0,1,1,1,1,0,0,0,0,0,0,US,United States of America,Big Data,11/25/2015,4/19/2016,0
PRO000000000723,1,0,1,0,0,0,1,1,0,0,0,0,0,0,0,1,0,1,1,1,0,0,0,0,0,0,1,0,0,0,0.433,0,27,25,161,0,1,0,1,0,0,1,0,1,1,0,0,1,0,0,1,0,0,APAC,ASEAN,Development,6/15/2015,12/14/2015,0
RFI00000000033,1,0,0,2,0,1,2,0,1,0,0,0,0,0,1,0,0,0,1,0,0,0,0,0,1,0,0,0,0,0,0.438,0,41,0,17,0,0,1,0,1,0,0,0,0,0,0,0,0,0,0,0,1,0,ME,UAE,MDM,4/13/2015,11/2/2015,0
RFI0000000001208,1,1,1,2,1,2,1,0,0,1,1,1,1,0,1,0,0,0,1,0,0,1,0,0,0,0,0,0,0,2,0,0,0,20,38,0,0,0,0,0,1,1,0,0,0,0,0,0,0,0,0,1,0,US,United States of America,Big Data,9/11/2015,11/25/2015,1
RFP0000000002071,0,0,0,1,1,1,0,1,1,0,0,0,0,0,0,0,1,1,0,0,1,0,0,0,0,0,0,1,0,0,10,1.6,1,25,26,0,0,0,0,0,0,0,0,0,0,0,0,0,0,0,0,1,0,US,United States of America,Maintenance,5/27/2016,7/26/2016,1
RFP0000000002072,0,0,0,1,1,2,1,1,0,0,0,0,0,0,1,0,1,1,1,0,0,0,0,0,0,0,0,0,0,2,37.85,1.89,26.6,10,37,0,0,0,0,0,0,0,0,1,0,0,1,0,1,1,0,0,0,CE,Benelux,Maintenance,5/25/2016,9/7/2016,0
RFI0000000002273,1,0,0,2,1,2,0,1,0,0,0,0,0,0,0,0,0,0,0,0,0,0,0,1,0,0,0,0,0,2,0,0,1,25,9,0,0,0,0,0,0,1,0,0,0,0,0,0,0,0,0,1,0,UK,United Kingdom,Analytics,7/6/2016,10/1/2016,1
PRO000000000566,1,0,1,0,0,2,0,0,0,1,0,0,0,0,0,0,0,0,0,1,1,0,1,0,0,0,0,0,0,2,0.5,0,0,10,10,1,0,0,0,0,0,0,0,0,0,0,0,0,0,0,0,1,0,CE,Rest of Europe,Development,5/8/2015,5/21/2015,1
RFP0000000001186,1,0,1,1,1,3,1,0,1,0,0,0,0,0,1,0,0,0,0,0,0,0,0,0,1,0,0,0,0,0,1.078,0,42,30,26,0,0,1,1,0,0,0,0,0,0,0,1,0,0,0,0,0,0,APAC,ASEAN,MDM,8/19/2015,11/6/2015,0
RFP0000000001799,0,0,1,1,1,2,1,1,0,0,0,0,0,0,1,0,0,0,1,0,0,0,0,0,1,0,0,0,0,0,0.4,0.4,30,25,18,0,0,0,0,0,1,1,0,1,0,0,1,1,0,0,0,0,0,CE,Germany,Development,3/21/2016,8/1/2016,0
RFP000000000254,1,0,1,1,0,0,0,1,0,0,0,0,0,0,0,0,0,0,0,1,0,0,0,0,0,0,0,1,0,0,0.1,0,52,50,5,1,1,1,0,0,0,0,0,0,0,0,0,0,0,0,0,1,0,US,United States of America,Development,1/14/2015,2/2/2015,0
PRO0000000001506,1,0,1,0,0,3,0,0,1,0,0,0,0,1,0,0,0,0,1,1,0,0,0,0,0,0,0,0,0,0,0.058,0,45,25,4,0,0,1,0,0,0,1,0,0,0,0,0,0,0,0,0,1,0,US,United States of America,Assessment,12/14/2015,12/24/2015,0
PRO0000000001346,1,0,1,0,1,2,1,0,0,1,1,1,0,0,0,0,0,0,1,0,0,1,0,0,0,0,0,0,0,0,0.2,0,45,100,18,0,0,0,0,0,0,1,0,1,0,0,0,1,0,1,0,0,0,UK,United Kingdom,Big Data,11/2/2015,12/4/2015,0
RFP0000000001730,1,0,1,1,1,2,0,0,0,1,1,1,0,0,0,0,0,0,1,0,0,1,0,0,0,0,0,0,0,0,0.117,0.117,0,25,8,0,0,0,0,0,1,1,0,0,0,0,0,0,0,0,0,1,0,UK,United Kingdom,Big Data,1/18/2016,2/29/2016,1
RFP000000000258,0,0,1,1,0,0,0,1,0,1,1,1,0,0,0,0,0,1,0,0,0,0,0,0,0,0,0,0,0,1,0.386,0,0,10,4,0,0,0,0,0,1,0,0,0,0,0,0,1,0,0,0,0,0,US,United States of America,Big Data,3/23/2015,4/22/2015,1
RFP0000000001687,1,0,1,1,1,0,1,1,1,0,0,0,0,0,0,0,1,1,0,0,0,0,0,0,0,0,0,0,0,0,1.1,1.1,40,50,23,0,0,0,0,0,0,0,0,0,0,0,0,0,0,0,0,1,0,US,United States of America,Dev & Maint,2/17/2016,5/3/2016,0
RFP0000000001849,0,0,1,1,0,2,0,1,0,0,0,0,0,0,0,1,0,0,0,0,1,0,0,0,0,0,0,1,0,0,0.09,0.09,1,50,20,1,0,0,0,1,0,0,0,0,0,0,0,0,0,0,0,1,0,CE,Germany,Analytics,3/25/2016,5/12/2016,1
RFP000000000593,0,0,1,1,0,2,0,0,1,0,0,0,0,0,1,0,0,0,1,0,0,0,0,0,1,0,0,0,0,2,1,0,41,35,28,1,0,0,0,0,0,0,0,0,0,0,0,0,0,0,0,1,0,CE,Benelux,MDM,5/11/2015,7/3/2015,0
PRO0000000001187,1,0,1,0,0,2,0,0,1,0,0,0,0,0,1,0,0,0,0,0,0,0,0,0,0,0,0,0,0,0,0.15,0,43,20,15,0,1,0,0,0,0,0,0,0,0,0,0,0,0,0,0,1,0,US,United States of America,Strategy,8/25/2015,11/16/2015,0
RFI000000000964,1,0,1,2,0,2,1,0,1,0,0,0,0,0,0,0,1,0,0,0,0,0,0,0,0,0,0,0,0,2,0,0,1,25,2,0,0,1,1,0,0,1,0,0,0,0,0,0,1,0,0,0,0,ME,UAE,Strategy,7/21/2015,9/21/2015,1
RFP000000000143,1,0,1,1,1,2,0,0,1,0,0,0,0,0,0,0,1,0,0,1,1,0,0,0,0,0,0,0,0,0,0.24,0,44,50,17,0,1,1,0,0,0,0,0,0,0,0,0,0,0,0,0,1,0,US,United States of America,Development,3/3/2015,3/20/2015,0
RFI000000000352,1,0,0,2,1,0,1,1,0,0,0,0,0,0,0,1,0,0,1,0,0,0,0,0,0,0,0,0,0,0,0,0,0,10,26,0,0,1,0,0,0,1,0,0,0,0,0,0,0,0,1,0,0,UK,United Kingdom,Testing,3/27/2015,5/15/2015,1
RFP000000000759,1,0,1,1,1,2,0,0,1,0,0,0,0,0,1,0,0,0,0,0,0,0,0,0,0,0,0,0,0,0,0.04,0,43,100,16,1,0,1,1,1,0,0,0,0,0,0,0,0,0,0,0,0,1,US,United States of America,MDM,11/4/2015,12/23/2015,0
